orginal  [33.27416224 ,36.93185371 ,39.16513027 ,40.06141697 ,41.20946686 ,42.9276369, 0.        ]
[[28.6739092  35.13137084 38.34556773 35.03994741 26.82593938 32.28751094
  35.50354155 28.42083042 38.84326097 37.68022761 32.0252726  38.21984414
  25.4150072  30.11258942 35.19547105 35.38951855 33.77274154 28.82235209
  32.46244731 36.24558483 32.03467948 32.6264053  39.40617643 30.09969767]
 [32.62623148 38.13312287 41.19199702 38.09782346 31.20593961 36.57312313
  40.22751889 33.05850274 41.11578798 40.80479406 36.16024354 41.36793696
  28.62460817 33.96034208 38.48417029 39.28748591 37.59650012 32.17067404
  36.70175974 40.24795905 36.74929664 36.23069124 41.00482153 34.74315847]
 [36.1082529  40.31341806 41.9695743  39.73159084 34.64557885 39.15283075
  41.72117367 36.33769101 42.09202818 41.98849801 38.79573972 42.32990663
  31.53253185 36.72234379 40.39248495 41.57347985 39.99498268 34.90236369
  39.12126413 42.16557145 39.34488294 38.36959094 42.38722294 38.27012435]
 [37.58323519 41.76468078 43.76339977 41.00115179 36.47811053 40.17336494
  42.54775298 37.26035745 41.69319563 41.56089299 39.8579029  43.35488245
  33.50222247 37.4630988  41.16289481 41.63493238 40.52598534 36.0461084
  40.05427972 42.86300756 39.9490907  39.08894056 43.16726745 38.97725174]
 [39.49476704 43.85052955 44.69949658 42.82644707 37.47874352 41.55648075
  43.97287478 37.42668484 42.23691468 42.33834159 41.38121864 44.92231152
  34.99697639 38.4822386  42.1980201  42.56774669 41.08631848 36.83915628
  40.62014743 44.5130057  41.21955058 40.27765844 43.72518162 40.31639365]
 [41.87223307 44.78675134 46.5041043  43.61262034 39.08292999 43.97438729
  45.94418844 38.67015345 43.20270881 43.19593889 43.5565059  46.67827366
  37.89917364 40.5916506  43.42248601 44.16902974 41.98881483 38.46862058
  43.10581426 46.85286592 43.09823788 42.79994733 44.90288138 41.88296785]
 [ 0.          0.          0.          0.          0.          0.
   0.          0.          0.          0.          0.          0.
   0.          0.          0.          0.          0.          0.
   0.          0.          0.          0.          0.          0.        ]]
gray  [51.22109025 ,44.14233906, 37.91125447 ,31.80448719, 25.8543761,  20.12059943 ,0.        ]

[[51.23165763, 51.22055234, 51.21322445, 51.22172235, 51.23474874, 51.23599031, 51.23380087, 51.22994381, 51.21830321, 51.24197742, 51.22059733, 51.21733643, 51.21412291, 51.21124848, 51.21371858, 51.20821892, 51.23375574, 51.21423523, 51.22111481, 51.2103955, 51.22467128, 51.20617796, 51.21697676, 51.21167503],
 [44.36446829, 45.12850737, 44.23076231, 44.13073737, 44.06336573, 44.09087392, 44.14825914, 44.02731486, 44.03666743, 44.01919071, 44.2193804, 44.13204344, 44.19538895, 44.3371735, 44.07499224, 44.08601889, 44.06666585, 44.12069767, 44.05446101, 43.51103941, 44.02540471, 44.09579982, 44.23896335, 44.01796097],
 [37.92576899, 37.70840773, 37.9481563, 37.81962752, 37.92039507, 38.05375644, 37.91615138, 37.79632144, 37.82923442, 37.75447144, 37.76145214, 37.86632, 38.02157844, 38.01424678, 37.71076031, 38.01414356, 37.86602384, 37.861399, 38.07504398, 38.22946692, 38.08621399, 37.8158776, 38.02401862, 37.85127127],
 [31.84073239, 33.60444192, 32.07295911, 31.55061051, 31.58925115, 32.18320366, 31.69489522, 31.54518875, 31.57750426, 31.8435414, 31.57257359, 31.99270212, 31.65621711, 31.62294553, 31.34411138, 31.7379517, 31.91525338, 31.69392145, 31.96452748, 31.60977954, 31.66438449, 31.9450215, 31.41789114, 31.66808388],
 [26.27899205, 27.1658618, 26.66830519, 25.51315482, 25.96464626, 25.85962916, 25.19608868, 25.29773351, 25.86250446, 25.65034337, 26.34866115, 26.5332075, 25.83306501, 25.6089415, 25.45486257, 25.94573012, 26.08676692, 25.86869954, 25.15050198, 25.24585584, 26.43515153, 26.03417986, 24.65014337, 25.85200028],
 [20.43978356, 19.00813192, 20.44324252, 19.09983263, 19.8683918, 20.6040688, 21.5975515, 19.43385729, 19.82463349, 19.27371001, 20.69755538, 20.14758928, 20.88085551, 20.11205824, 19.36862018, 19.96930537, 20.02071704, 20.10833114, 21.58382077, 20.69552126, 20.36568252, 20.18265408, 19.01114817, 20.15732381],
 [0.0, 0.0, 0.0, 0.0, 0.0, 0.0, 0.0, 0.0, 0.0, 0.0, 0.0, 0.0, 0.0, 0.0, 0.0, 0.0, 0.0, 0.0, 0.0, 0.0, 0.0, 0.0, 0.0, 0.0]]
