results_o [43.40857295 43.81896524 43.08998302 43.67255507 44.20328029 45.06186865 46.4160509 ]
array([[44.38480663, 44.07454082, 44.51617902, 43.93204724, 42.69626519,
        44.7200548 , 44.99933765, 42.61988623, 44.18776864, 42.2791328 ,
        44.55708841, 43.739354  , 40.01618205, 43.36848868, 43.76423754,
        45.58328986, 44.40531249, 42.30908431, 44.23451038, 41.57498977,
        43.28326225, 43.06644043, 43.73146182, 39.76202983],
       [44.59232557, 44.06239609, 44.3097544 , 43.99250622, 43.16825962,
        44.5600757 , 44.77436283, 42.91134678, 43.96227515, 44.03952965,
        44.37344207, 44.1219744 , 42.41272251, 43.86709236, 43.80016131,
        45.08138705, 44.03185109, 41.79092465, 43.89269173, 44.61829048,
        43.69745765, 43.62496824, 43.7184706 , 42.25089969],
       [43.89299559, 43.30310929, 44.18814882, 43.08016632, 41.6562361 ,
        44.3163987 , 44.48233529, 39.94959043, 43.69327598, 43.65936846,
        44.13878088, 44.23226085, 40.67606534, 42.59159784, 43.84958293,
        44.88174282, 43.58562029, 40.73325889, 43.44851523, 45.59429621,
        42.94785183, 41.80969387, 43.28371928, 40.16498116],
       [43.896377  , 43.54329199, 44.70650417, 43.59604328, 42.00639635,
        44.65961661, 45.12621014, 41.75905487, 44.08050714, 43.96279542,
        44.42933677, 44.77450221, 41.64081023, 42.50563756, 44.39789647,
        45.29659912, 43.95777858, 41.57222172, 43.75834965, 45.74293479,
        43.62833519, 42.46352625, 44.02109099, 42.61550522],
       [44.12779245, 43.9533134 , 45.33065469, 44.56682608, 42.42393603,
        45.05794829, 45.50521421, 42.23491089, 44.48739356, 44.50146553,
        44.71191768, 45.63507206, 41.87601186, 43.17297698, 44.6311406 ,
        45.51430062, 44.28368375, 41.73296095, 44.25603803, 46.3527223 ,
        44.49927445, 43.66001017, 44.48625768, 43.87690479],
       [44.97347934, 45.62711953, 46.18627685, 45.23230546, 44.0083023 ,
        45.53380395, 46.60070605, 43.57312063, 45.14254207, 45.27746414,
        44.88202683, 46.70159257, 41.98138715, 44.42598779, 45.36899872,
        46.20649412, 44.62998623, 42.34377133, 44.61973207, 48.08801812,
        45.04004933, 44.95819895, 45.23195039, 44.85153365],
       [45.41176302, 47.68089606, 48.39061279, 46.61976957, 44.58958642,
        46.04837063, 48.1294306 , 44.16828458, 47.1012189 , 45.91524173,
        45.52722909, 49.78848673, 43.25430629, 45.05104252, 47.37890292,
        47.98434166, 45.8313732 , 44.04837502, 45.628605  , 50.70544571,
        45.89006736, 45.75671239, 47.5476934 , 45.53746591]])
results_g  [51.21196487 44.14871533 37.9145801  31.81378459 25.72941276 19.75170923
 13.6397782 ]
array([[51.2252568 , 51.25880806, 51.2445103 , 51.21619008, 51.20239015,
        51.21277528, 51.12729759, 51.20185251, 51.12978648, 51.25155133,
        51.20768055, 51.24050812, 51.20954269, 51.20736654, 51.15067881,
        51.23337214, 51.21956258, 51.2070974 , 51.25905772, 51.13902766,
        51.26498582, 51.21747132, 51.24080194, 51.21958507],
       [44.12901852, 44.14454357, 44.25684668, 44.15720364, 44.19292616,
        44.08768162, 44.19095069, 44.13072418, 44.13458196, 44.19233298,
        44.04786884, 44.0838609 , 44.14866972, 44.14035083, 44.12991083,
        44.13582316, 44.19734858, 44.15005186, 44.15673475, 44.11750968,
        44.20516465, 44.17165359, 44.16714639, 44.1002641 ],
       [37.96241345, 37.96461544, 37.96731417, 37.91501412, 37.9419974 ,
        38.07496656, 38.01127804, 37.87727569, 37.93569622, 37.93160529,
        38.08533843, 37.94882034, 37.96031028, 37.97282958, 37.82939723,
        37.93309514, 37.88616019, 37.93132996, 37.91054261, 37.38868552,
        37.9328577 , 37.93012333, 37.89305274, 37.76520305],
       [31.76583455, 31.57808878, 31.93320655, 31.9013159 , 31.86878604,
        31.85807988, 31.84650087, 31.80464801, 31.88508461, 31.83600056,
        31.88226407, 31.8997941 , 31.82756147, 31.88218363, 32.01399489,
        31.92627945, 31.936544  , 31.8161344 , 31.83723489, 30.93938063,
        32.00843776, 31.83285085, 31.83102996, 31.61959437],
       [25.71535346, 24.93207488, 25.73407484, 25.77474422, 25.87851686,
        25.79898933, 25.92390448, 25.80132734, 25.78433525, 25.68681828,
        25.67834824, 26.13954031, 25.81369724, 25.89316986, 25.89724411,
        25.90976117, 26.11367099, 25.81324082, 25.63512217, 24.68992867,
        25.88713904, 25.80725024, 25.68545614, 25.5121982 ],
       [19.83716457, 21.39185836, 19.54323187, 19.67750905, 20.09394601,
        19.73324711, 19.82557969, 19.86284284, 20.04791962, 19.60943244,
        19.12733202, 19.73050398, 19.70684231, 19.81695476, 19.83533058,
        19.59837862, 19.74400869, 19.58698294, 19.65570578, 18.45154081,
        19.93739276, 19.88823848, 19.76528189, 19.57379636],
       [13.80653512, 14.53168461, 13.60576234, 13.79838757, 14.02895442,
        13.49521055, 13.18248624, 13.69340511, 13.5115571 , 13.00188177,
        12.68591882, 15.08290921, 13.68300823, 13.94441593, 13.71897142,
        13.47565059, 13.57904643, 14.65711477, 13.43315972, 12.28954944,
        13.30916194, 13.55614971, 13.75155394, 13.53220186]])