orginal [33.27979135 36.42823449 36.44673534]

array([[28.69086804, 35.09029609, 38.2668019 , 35.18214441, 26.81710284,
        32.2910348 , 35.60302514, 28.43746883, 38.82334853, 37.71868511,
        32.06074693, 38.20414457, 25.4089436 , 30.11359939, 35.34707949,
        35.36903127, 33.78073756, 28.80570577, 32.47545892, 36.21027729,
        32.03555044, 32.63083738, 39.25375254, 30.09835148],
       [32.53971129, 35.27056972, 39.60746763, 37.47582365, 31.19811159,
        36.35595342, 39.72911661, 33.01466755, 40.74400119, 40.62441414,
        36.0901809 , 40.63507176, 28.61355924, 33.5771186 , 38.17667947,
        39.15917403, 37.53155439, 32.19527609, 36.56969375, 39.91513319,
        36.5927937 , 36.03560383, 37.90105464, 34.72489735],
       [34.67293432, 29.49900495, 34.97816678, 35.63783722, 33.85257765,
        37.46986331, 38.14150619, 35.82733409, 40.28198265, 41.06550916,
        37.66920081, 39.21350452, 31.31062932, 33.16547696, 37.7110805 ,
        40.41229749, 39.29416433, 34.06507798, 37.57952236, 38.91323426,
        37.19621482, 36.2404396 , 33.09102192, 37.43306707]])

gray [51.22224372 44.18699544 37.82115288]

array([[51.21133828, 51.22669842, 51.22395074, 51.21648226, 51.24444244,
        51.23253736, 51.21362873, 51.22309527, 51.2310938 , 51.23637414,
        51.20799459, 51.20943049, 51.23468103, 51.22636049, 51.21915774,
        51.22133981, 51.23964937, 51.20106856, 51.21758373, 51.21084442,
        51.22618028, 51.22334289, 51.21075463, 51.22581987],
       [44.16684933, 44.56677261, 44.31347346, 44.05588263, 44.36136523,
        44.26788259, 44.15281747, 44.1494336 , 43.95734904, 44.06211909,
        44.28540721, 44.09249057, 44.14304412, 44.11308895, 44.11272988,
        44.07142988, 44.29677184, 44.18585786, 44.07718925, 44.43462286,
        44.11532285, 44.15649589, 44.16781153, 44.1816829 ],
       [37.63350463, 36.90428249, 37.47995144, 38.31615977, 37.88924727,
        38.0663384 , 37.80581846, 37.88175895, 37.49643547, 37.78626051,
        38.059825  , 38.04927426, 37.91225945, 37.59469636, 38.05639282,
        38.12949722, 37.65656282, 37.98747156, 38.22154714, 37.48954277,
        37.67225633, 37.97895027, 37.88092157, 37.75871406]])