orgin [31.10907276 34.22094962 35.21727886]

array([[26.11389105, 33.6767798 , 35.85420757, 33.52789485, 25.30674284,
        28.82067826, 33.53476508, 24.50863774, 35.34811873, 34.48226203,
        30.16653143, 35.22139635, 23.5053964 , 28.15673629, 33.76860342,
        32.59309517, 33.10785038, 27.64747172, 31.1908577 , 34.16428554,
        29.57460165, 30.89955328, 37.95347742, 27.49391152],
       [28.93341222, 34.91869405, 38.49820582, 35.95125076, 28.60432358,
        32.3077878 , 37.8317046 , 28.30041568, 38.74543867, 38.06554881,
        33.54753872, 38.0659376 , 26.01600081, 31.13761323, 37.09695659,
        35.9427492 , 36.61010388, 30.86618197, 34.36374714, 37.90629979,
        33.27600033, 33.8080329 , 39.50438589, 31.00446076],
       [30.79409126, 31.04720753, 35.27852274, 35.73561673, 30.86535254,
        34.22185899, 38.75702173, 31.05351806, 39.19473404, 39.53877198,
        35.67582269, 38.64629555, 28.07970588, 32.64895094, 38.21362602,
        37.89284745, 38.6831645 , 32.94627372, 36.50726794, 38.5123773 ,
        35.11277227, 35.09646712, 37.03909688, 33.67332867]])

gray [53.1008153  46.12173504 39.76336952]
array([[53.06352895, 53.09320507, 53.08753023, 53.11340388, 53.08248448,
        53.1349904 , 53.09078198, 53.08048162, 53.13589946, 53.12078493,
        53.11458679, 53.1011762 , 53.07858322, 53.1144824 , 53.14783973,
        53.09233952, 53.14573642, 53.07203147, 53.08255356, 53.10252927,
        53.09580274, 53.08905202, 53.065524  , 53.11423884],
       [46.19265283, 46.20519662, 46.31117129, 45.89936017, 46.16972612,
        46.27812881, 46.0589089 , 46.09637116, 45.83108051, 46.0019072 ,
        46.30862955, 45.95836387, 46.04587786, 46.09444267, 46.09856335,
        46.08922828, 46.25118536, 46.11069919, 46.00644884, 46.53031495,
        45.99860041, 46.08582676, 46.18699451, 46.11196182],
       [39.64999793, 38.73117795, 39.52039568, 40.19404792, 39.7841543 ,
        40.09779698, 39.70445948, 39.87573197, 39.48534294, 39.73262884,
        40.08120708, 39.79138947, 39.85443192, 39.78883403, 40.00417196,
        39.95839749, 39.63772364, 39.95576039, 40.17500332, 39.2747227 ,
        39.41172509, 40.05835089, 39.96343396, 39.58998267]])