orgin 		43.35334459	43.10124559	39.08171933

array([[44.23765176, 43.71329535, 43.91412391, 43.46849708, 41.55249552,
        44.19242812, 44.55415973, 42.2765949 , 44.10228173, 43.90147491,
        44.04404131, 44.60429801, 41.38420471, 42.76388709, 43.53309303,
        45.17037026, 43.89828402, 41.15843185, 43.76186608, 43.90603878,
        43.10584899, 42.16603851, 43.427018  , 41.64384639],
       [43.72400033, 43.29871802, 43.23875446, 43.29827636, 42.38246274,
        43.54807876, 43.88777735, 42.66338182, 43.1502364 , 43.31028629,
        43.41640055, 43.39314029, 42.21032871, 43.01564518, 43.24554369,
        43.82574921, 43.02081474, 41.7914908 , 43.27247525, 42.90963815,
        43.09542974, 42.93717079, 43.06405285, 42.73004166],
       [39.24764011, 39.06554746, 38.8696319 , 39.14161762, 39.3193782 ,
        39.18674303, 39.41643631, 39.09093277, 38.8692544 , 39.08722365,
        39.48005812, 39.02058345, 39.30206878, 39.16062468, 39.10656142,
        39.33673599, 38.93219131, 39.29512548, 39.03486645, 37.77813857,
        39.02169564, 39.2184476 , 38.89022867, 39.08953229]])


gray [53.10310453 46.07425117 39.85313329]

array([[53.11169967, 53.09143954, 53.0811031 , 53.06993011, 53.07930797,
        53.10516725, 53.10982233, 53.1274456 , 53.07875577, 53.11055231,
        53.11027421, 53.13250895, 53.0715491 , 53.10034374, 53.08628553,
        53.11072613, 53.06765765, 53.10058652, 53.13838285, 53.19369877,
        53.08659667, 53.07944603, 53.10294569, 53.12828326],
       [46.04246232, 46.09776795, 46.12992816, 46.14997053, 46.10264641,
        45.98621388, 46.14471006, 46.06354488, 46.05512697, 46.11482839,
        45.88759571, 46.07019203, 46.0471423 , 46.08768243, 46.05572281,
        46.06218649, 46.11848202, 46.07822611, 46.05012371, 46.05814128,
        46.13425004, 46.16370434, 46.07541799, 46.00596129],
       [39.89276502, 39.92472854, 39.89160851, 39.8453221 , 39.90924131,
        40.09970833, 39.97123078, 39.80063495, 39.90264097, 39.90009559,
        40.10234564, 39.9388943 , 39.8565924 , 39.88428728, 39.80204335,
        39.92349674, 39.79188001, 39.86849675, 39.85158141, 39.05930745,
        39.90426727, 39.8971652 , 39.81872737, 39.63813775]])

