orgin [44.43536799 42.34715026 37.66323297]
array([[45.31065201, 44.3123623 , 45.10924899, 44.33747015, 43.16011178,
        45.29034477, 45.44641598, 43.3285355 , 45.04900498, 44.90530518,
        44.93841023, 45.57457513, 42.80920586, 43.83211097, 44.36325278,
        46.15393175, 44.7494395 , 42.490776  , 44.76818859, 44.82873547,
        44.16597009, 43.57322118, 44.3434797 , 43.60808288],
       [42.50722464, 42.20720852, 42.3614392 , 42.4217007 , 42.43578169,
        42.54329562, 42.59835272, 42.28826544, 42.03480286, 42.23493646,
        42.26529137, 42.35181972, 42.34591929, 42.34793025, 42.09890956,
        42.8790005 , 41.98698669, 42.2014824 , 42.36868027, 42.43354918,
        42.3442803 , 42.57611182, 41.79492348, 42.70371359],
       [37.82112675, 37.51806339, 37.67372773, 37.64351788, 37.78289098,
        37.88404457, 37.8455236 , 37.55820617, 37.54422503, 37.70468216,
        37.92902388, 37.41882614, 37.69629581, 37.74694752, 37.50306035,
        38.0517568 , 37.66791262, 37.88010694, 37.74069841, 36.81043709,
        37.69856352, 37.78218728, 37.36006852, 37.65569812]])
gray [51.21969988 44.14927921 37.91161735]
array([[51.22618028, 51.25284305, 51.21848309, 51.14839918, 51.21484181,
        51.23461332, 51.23301113, 51.21414537, 51.25152867, 51.23971716,
        51.2470673 , 51.22687865, 51.19129232, 51.23077809, 51.14804517,
        51.23687092, 51.15389002, 51.22431099, 51.26205483, 51.21846061,
        51.21176484, 51.23190574, 51.24460079, 51.21111379],
       [44.12700601, 44.16662765, 44.22889998, 44.17069497, 44.17377128,
        44.10238657, 44.21475619, 44.1248583 , 44.14045659, 44.17064172,
        44.03526928, 44.09048619, 44.13935064, 44.14656864, 44.13301116,
        44.14189784, 44.18190534, 44.14263407, 44.13853127, 44.13522452,
        44.21235856, 44.1770053 , 44.16810866, 44.12025025],
       [37.9345855 , 37.96446449, 37.95883124, 37.9175802 , 37.96488332,
        38.07873648, 37.9998241 , 37.88114471, 37.94905441, 37.96519162,
        38.06817022, 37.9314576 , 37.93066965, 37.95090205, 37.83477108,
        37.92053502, 37.89726658, 37.91871497, 37.91007125, 37.38315435,
        37.93291257, 37.91638685, 37.89108217, 37.77842608]])