orgin [44.44765531 44.45137916 41.31718209]

array([[44.97831873, 44.20477552, 45.52932589, 44.56132654, 43.03438444,
        44.91638536, 45.42567872, 43.06999785, 45.6198485 , 45.20005367,
        44.95866002, 45.95688845, 42.20155101, 44.45830766, 44.97675665,
        45.87091977, 45.66187938, 42.22946221, 44.68045885, 44.27248804,
        44.32339941, 43.0353877 , 45.21405854, 42.36341444],
       [44.95115774, 44.80762502, 45.1352623 , 44.59004581, 44.06755266,
        44.90920291, 45.02320472, 44.07241166, 44.60573332, 44.69231846,
        44.55851629, 44.91605519, 43.45555287, 44.67869268, 44.87274788,
        44.88194842, 44.98007742, 43.56845427, 44.53000087, 42.96179863,
        44.11285394, 44.20313145, 44.88114873, 43.37760666],
       [41.63278219, 41.68961933, 41.68766735, 41.56465215, 41.51264332,
        42.30589334, 41.74818811, 41.32133011, 41.34115327, 41.40158741,
        41.22723314, 41.57450403, 41.14058965, 41.54272407, 41.60463113,
        41.66405683, 41.57632928, 41.3121619 , 41.23340974, 37.98220828,
        41.11907019, 41.49134994, 41.58024358, 40.35834183]])

gray[53.0143057  47.49605325 42.28635185]

array([[52.98909818, 53.1520845 , 53.13104172, 53.01714539, 53.05466552,
        53.07923894, 53.12929565, 53.03439583, 53.07778959, 53.06390725,
        52.78905313, 53.01262253, 53.01292844, 53.03313211, 52.9580076 ,
        53.17248914, 53.35914193, 53.07413385, 52.94466963, 52.30307803,
        52.85836678, 53.17241862, 53.12643363, 52.79819893],
       [47.61707982, 47.73623396, 47.68465176, 47.71104306, 47.60852193,
        47.91810916, 47.61819859, 47.53322238, 47.68089606, 47.42440202,
        47.40139991, 47.66357424, 47.6085611 , 47.49070636, 47.77474921,
        47.33219662, 47.57605182, 47.81608407, 47.43581245, 45.54006639,
        47.25624255, 48.03674588, 47.72631112, 46.71441761],
       [42.50522324, 42.58751851, 42.405653  , 42.59205133, 42.57201016,
        43.59711249, 42.59756493, 42.39326035, 42.51947798, 42.50717421,
        42.25750539, 42.50569199, 42.23671758, 42.44801988, 42.61721882,
        42.32934127, 42.51012806, 42.5152415 , 42.2796419 , 38.44639313,
        42.11954926, 42.62530991, 42.5741788 , 41.13046071]])
