
orgin[42.30841234 40.70139267 36.97358171]
array([[42.57953438, 42.05054789, 42.9402929 , 42.25391159, 41.49867359,
        42.62311352, 42.65652616, 41.68723648, 42.79028114, 42.68936799,
        42.76873534, 42.72077223, 41.30309937, 42.31820587, 42.65991973,
        42.73861288, 42.67857318, 41.33023853, 42.58987992, 42.39238809,
        42.60685549, 41.44826928, 42.56034392, 41.51651667],
       [40.87405974, 40.47419311, 41.20764915, 40.5553134 , 40.54099622,
        40.84991167, 40.9289988 , 40.51726948, 40.60222217, 40.59041999,
        40.98243627, 40.86532352, 40.48255838, 40.57803337, 40.90437544,
        41.10869161, 40.58493673, 40.45839028, 40.56925965, 40.71624621,
        40.72612793, 40.51096375, 40.66441269, 40.54063455],
       [37.11605666, 36.61103521, 37.18587245, 36.91606763, 36.99666882,
        37.05161763, 37.07006671, 36.91619233, 37.01740979, 37.0008247 ,
        37.14667987, 37.05622716, 36.94400886, 36.93366216, 37.10475542,
        37.10840887, 37.04317379, 36.75859111, 36.91343627, 36.75511837,
        36.97918057, 36.95427357, 36.96747296, 36.81916009]])

gray[48.99656577 43.61596782 37.77832879]

array([[48.94679342, 48.57187119, 49.2102924 , 48.91069044, 48.86293129,
        49.06567778, 48.9941597 , 48.95519419, 49.26146046, 49.08237368,
        49.04558617, 49.09735023, 48.9998607 , 48.95274952, 49.1528858 ,
        48.99342436, 48.82910331, 49.00682754, 48.94874234, 49.2886138 ,
        48.91331957, 48.89008888, 48.90985311, 49.02772853],
       [43.70515055, 43.51227192, 43.69005808, 43.63360176, 43.5671586 ,
        43.71268856, 43.68872213, 43.59452438, 43.56928683, 43.64370151,
        43.5936492 , 43.6277004 , 43.59637497, 43.56433854, 43.68507159,
        43.64246087, 43.59646655, 43.63760192, 43.574913  , 43.60332318,
        43.6260427 , 43.6006828 , 43.56216329, 43.55527431],
       [37.88409959, 37.59619401, 37.82377981, 37.79175931, 37.79456218,
        37.79092417, 37.78098503, 37.75900975, 37.800093  , 37.80587838,
        37.92287036, 37.81504986, 37.78952464, 37.77104395, 37.79839588,
        37.82307215, 37.83791308, 37.77904709, 37.76733759, 37.53935885,
        37.80377444, 37.79631607, 37.75461831, 37.65428337]])